{
 "cells": [
  {
   "cell_type": "code",
   "execution_count": 1,
   "metadata": {},
   "outputs": [
    {
     "name": "stderr",
     "output_type": "stream",
     "text": [
      "/om2/user/ksitek/miniconda/envs/py3/lib/python3.6/importlib/_bootstrap.py:219: RuntimeWarning: numpy.dtype size changed, may indicate binary incompatibility. Expected 96, got 88\n",
      "  return f(*args, **kwds)\n",
      "/om2/user/ksitek/miniconda/envs/py3/lib/python3.6/site-packages/h5py/__init__.py:36: FutureWarning: Conversion of the second argument of issubdtype from `float` to `np.floating` is deprecated. In future, it will be treated as `np.float64 == np.dtype(float).type`.\n",
      "  from ._conv import register_converters as _register_converters\n"
     ]
    }
   ],
   "source": [
    "import numpy as np\n",
    "import nibabel as nib\n",
    "from dipy.io import streamline\n",
    "import os\n",
    "from glob import glob\n",
    "\n",
    "import matplotlib.pyplot as plt\n",
    "import seaborn as sns\n",
    "sns.set()\n",
    "\n",
    "%matplotlib inline\n",
    "%config InlineBackend.figure_format = 'retina'"
   ]
  },
  {
   "cell_type": "markdown",
   "metadata": {},
   "source": [
    "define directories:"
   ]
  },
  {
   "cell_type": "code",
   "execution_count": 5,
   "metadata": {},
   "outputs": [],
   "source": [
    "project_dir = os.path.abspath('/om2/user/ksitek/exvivo/')\n",
    "\n",
    "processing_dir = os.path.join(project_dir, 'analysis/dipy/csd/',\n",
    "                              'alow-0p001_angthr-75_minangle-10_fathresh-50_20190517_0.2mm_' \\\n",
    "                              'conj_kevin_v2_faruk_v1_with_controls_dil-500um')\n",
    "sl_dir = os.path.join(processing_dir, 'target_streamlines')"
   ]
  },
  {
   "cell_type": "markdown",
   "metadata": {},
   "source": [
    "define region labels and order:"
   ]
  },
  {
   "cell_type": "code",
   "execution_count": 6,
   "metadata": {},
   "outputs": [],
   "source": [
    "labels = ['LH_CN', 'LH_SOC', 'LH_IC', 'LH_MGB',\n",
    "          'RH_CN', 'RH_SOC', 'RH_IC', 'RH_MGB',\n",
    "          'LH_RedNucl', 'RH_RedNucl', 'LH_RostralPons', 'RH_RostralPons']\n",
    "labels_atlas = ['LH_CN', 'RH_CN', 'LH_SOC', 'RH_SOC', \n",
    "          'LH_IC', 'RH_IC', 'LH_MGB', 'RH_MGB',\n",
    "          'LH_RedNucl', 'RH_RedNucl', 'LH_RostralPons', 'RH_RostralPons']\n",
    "#label_order = list(range(1,9)) # if regions are already in same order as labels\n",
    "label_order = [1, 3, 5, 7, 2, 4, 6, 8, 9, 10, 11, 12]"
   ]
  },
  {
   "cell_type": "markdown",
   "metadata": {},
   "source": [
    "load streamlines and check the number of streamlines:"
   ]
  },
  {
   "cell_type": "code",
   "execution_count": 7,
   "metadata": {
    "scrolled": true
   },
   "outputs": [
    {
     "data": {
      "text/plain": [
       "43044"
      ]
     },
     "execution_count": 7,
     "metadata": {},
     "output_type": "execute_result"
    }
   ],
   "source": [
    "sl_file = os.path.join(sl_dir, 'all_atlas_streamlines.trk')\n",
    "streamlines, hdr = streamline.load_trk(sl_file)\n",
    "hdr['nb_streamlines']"
   ]
  },
  {
   "cell_type": "code",
   "execution_count": 16,
   "metadata": {},
   "outputs": [
    {
     "name": "stdout",
     "output_type": "stream",
     "text": [
      "streamlines directory: /om2/user/ksitek/exvivo/analysis/dipy/csd/alow-0p001_angthr-75_minangle-10_fathresh-50_20190517_0.2mm_conj_kevin_v2_faruk_v1_with_controls_dil-500um/target_streamlines\n",
      "total streamlines = 43044\n"
     ]
    }
   ],
   "source": [
    "print(\"streamlines directory: %s\"%sl_dir)\n",
    "print('total streamlines = %d'%(total_sl_count))"
   ]
  },
  {
   "cell_type": "code",
   "execution_count": 10,
   "metadata": {},
   "outputs": [
    {
     "name": "stdout",
     "output_type": "stream",
     "text": [
      "streamlines directory: /om2/user/ksitek/exvivo/analysis/dipy/csd/alow-0p001_angthr-75_minangle-10_fathresh-50_20190517_0.2mm_conj_kevin_v2_faruk_v1_with_controls_dil-500um/target_streamlines\n",
      "total streamlines = 43044\n",
      "seed: LH_CN\n",
      "     target: LH_CN\n",
      "             1276\n",
      "     target: LH_SOC\n",
      "             2\n",
      "     target: LH_IC\n",
      "             30\n",
      "     target: LH_MGB\n",
      "             3\n",
      "     target: RH_CN\n",
      "             0\n",
      "     target: RH_SOC\n",
      "             0\n",
      "     target: RH_IC\n",
      "             0\n",
      "     target: RH_MGB\n",
      "             0\n",
      "     target: LH_RedNucl\n",
      "             16\n",
      "     target: RH_RedNucl\n",
      "             3\n",
      "     target: LH_RostralPons\n",
      "             0\n",
      "     target: RH_RostralPons\n",
      "             0\n",
      "seed: LH_SOC\n",
      "     target: LH_CN\n",
      "             2\n",
      "     target: LH_SOC\n",
      "             896\n",
      "     target: LH_IC\n",
      "             301\n",
      "     target: LH_MGB\n",
      "             178\n",
      "     target: RH_CN\n",
      "             0\n",
      "     target: RH_SOC\n",
      "             5\n",
      "     target: RH_IC\n",
      "             0\n",
      "     target: RH_MGB\n",
      "             0\n",
      "     target: LH_RedNucl\n",
      "             0\n",
      "     target: RH_RedNucl\n",
      "             0\n",
      "     target: LH_RostralPons\n",
      "             101\n",
      "     target: RH_RostralPons\n",
      "             6\n",
      "seed: LH_IC\n",
      "     target: LH_CN\n",
      "             30\n",
      "     target: LH_SOC\n",
      "             301\n",
      "     target: LH_IC\n",
      "             1936\n",
      "     target: LH_MGB\n",
      "             396\n",
      "     target: RH_CN\n",
      "             0\n",
      "     target: RH_SOC\n",
      "             4\n",
      "     target: RH_IC\n",
      "             4\n",
      "     target: RH_MGB\n",
      "             0\n",
      "     target: LH_RedNucl\n",
      "             8\n",
      "     target: RH_RedNucl\n",
      "             0\n",
      "     target: LH_RostralPons\n",
      "             22\n",
      "     target: RH_RostralPons\n",
      "             3\n",
      "seed: LH_MGB\n",
      "     target: LH_CN\n",
      "             3\n",
      "     target: LH_SOC\n",
      "             178\n",
      "     target: LH_IC\n",
      "             396\n",
      "     target: LH_MGB\n",
      "             2825\n",
      "     target: RH_CN\n",
      "             0\n",
      "     target: RH_SOC\n",
      "             2\n",
      "     target: RH_IC\n",
      "             7\n",
      "     target: RH_MGB\n",
      "             0\n",
      "     target: LH_RedNucl\n",
      "             2\n",
      "     target: RH_RedNucl\n",
      "             0\n",
      "     target: LH_RostralPons\n",
      "             49\n",
      "     target: RH_RostralPons\n",
      "             1\n",
      "seed: RH_CN\n",
      "     target: LH_CN\n",
      "             0\n",
      "     target: LH_SOC\n",
      "             0\n",
      "     target: LH_IC\n",
      "             0\n",
      "     target: LH_MGB\n",
      "             0\n",
      "     target: RH_CN\n",
      "             1401\n",
      "     target: RH_SOC\n",
      "             1\n",
      "     target: RH_IC\n",
      "             7\n",
      "     target: RH_MGB\n",
      "             0\n",
      "     target: LH_RedNucl\n",
      "             20\n",
      "     target: RH_RedNucl\n",
      "             85\n",
      "     target: LH_RostralPons\n",
      "             1\n",
      "     target: RH_RostralPons\n",
      "             0\n",
      "seed: RH_SOC\n",
      "     target: LH_CN\n",
      "             0\n",
      "     target: LH_SOC\n",
      "             5\n",
      "     target: LH_IC\n",
      "             4\n",
      "     target: LH_MGB\n",
      "             2\n",
      "     target: RH_CN\n",
      "             1\n",
      "     target: RH_SOC\n",
      "             1701\n",
      "     target: RH_IC\n",
      "             42\n",
      "     target: RH_MGB\n",
      "             30\n",
      "     target: LH_RedNucl\n",
      "             313\n",
      "     target: RH_RedNucl\n",
      "             264\n",
      "     target: LH_RostralPons\n",
      "             7\n",
      "     target: RH_RostralPons\n",
      "             1\n",
      "seed: RH_IC\n",
      "     target: LH_CN\n",
      "             0\n",
      "     target: LH_SOC\n",
      "             0\n",
      "     target: LH_IC\n",
      "             4\n",
      "     target: LH_MGB\n",
      "             7\n",
      "     target: RH_CN\n",
      "             7\n",
      "     target: RH_SOC\n",
      "             42\n",
      "     target: RH_IC\n",
      "             1587\n",
      "     target: RH_MGB\n",
      "             19\n",
      "     target: LH_RedNucl\n",
      "             0\n",
      "     target: RH_RedNucl\n",
      "             0\n",
      "     target: LH_RostralPons\n",
      "             3\n",
      "     target: RH_RostralPons\n",
      "             0\n",
      "seed: RH_MGB\n",
      "     target: LH_CN\n",
      "             0\n",
      "     target: LH_SOC\n",
      "             0\n",
      "     target: LH_IC\n",
      "             0\n",
      "     target: LH_MGB\n",
      "             0\n",
      "     target: RH_CN\n",
      "             0\n",
      "     target: RH_SOC\n",
      "             30\n",
      "     target: RH_IC\n",
      "             19\n",
      "     target: RH_MGB\n",
      "             3476\n",
      "     target: LH_RedNucl\n",
      "             0\n",
      "     target: RH_RedNucl\n",
      "             0\n",
      "     target: LH_RostralPons\n",
      "             0\n",
      "     target: RH_RostralPons\n",
      "             0\n",
      "seed: LH_RedNucl\n",
      "     target: LH_CN\n",
      "             16\n",
      "     target: LH_SOC\n",
      "             0\n",
      "     target: LH_IC\n",
      "             8\n",
      "     target: LH_MGB\n",
      "             2\n",
      "     target: RH_CN\n",
      "             20\n",
      "     target: RH_SOC\n",
      "             313\n",
      "     target: RH_IC\n",
      "             0\n",
      "     target: RH_MGB\n",
      "             0\n",
      "     target: LH_RedNucl\n",
      "             7096\n",
      "     target: RH_RedNucl\n",
      "             19\n",
      "     target: LH_RostralPons\n",
      "             224\n",
      "     target: RH_RostralPons\n",
      "             115\n",
      "seed: RH_RedNucl\n",
      "     target: LH_CN\n",
      "             3\n",
      "     target: LH_SOC\n",
      "             0\n",
      "     target: LH_IC\n",
      "             0\n",
      "     target: LH_MGB\n",
      "             0\n",
      "     target: RH_CN\n",
      "             85\n",
      "     target: RH_SOC\n",
      "             264\n",
      "     target: RH_IC\n",
      "             0\n",
      "     target: RH_MGB\n",
      "             0\n",
      "     target: LH_RedNucl\n",
      "             19\n",
      "     target: RH_RedNucl\n",
      "             4137\n",
      "     target: LH_RostralPons\n",
      "             2\n",
      "     target: RH_RostralPons\n",
      "             161\n",
      "seed: LH_RostralPons\n",
      "     target: LH_CN\n",
      "             0\n",
      "     target: LH_SOC\n",
      "             101\n",
      "     target: LH_IC\n",
      "             22\n",
      "     target: LH_MGB\n",
      "             49\n",
      "     target: RH_CN\n",
      "             1\n",
      "     target: RH_SOC\n",
      "             7\n",
      "     target: RH_IC\n",
      "             3\n",
      "     target: RH_MGB\n",
      "             0\n",
      "     target: LH_RedNucl\n",
      "             224\n",
      "     target: RH_RedNucl\n",
      "             2\n",
      "     target: LH_RostralPons\n",
      "             5528\n",
      "     target: RH_RostralPons\n",
      "             645\n",
      "seed: RH_RostralPons\n",
      "     target: LH_CN\n",
      "             0\n",
      "     target: LH_SOC\n",
      "             6\n",
      "     target: LH_IC\n",
      "             3\n",
      "     target: LH_MGB\n",
      "             1\n",
      "     target: RH_CN\n",
      "             0\n",
      "     target: RH_SOC\n",
      "             1\n",
      "     target: RH_IC\n",
      "             0\n",
      "     target: RH_MGB\n",
      "             0\n",
      "     target: LH_RedNucl\n",
      "             115\n",
      "     target: RH_RedNucl\n",
      "             161\n",
      "     target: LH_RostralPons\n",
      "             645\n",
      "     target: RH_RostralPons\n",
      "             4981\n",
      "[[1276    2   30    3    0    0    0    0   16    3    0    0]\n",
      " [   2  896  301  178    0    5    0    0    0    0  101    6]\n",
      " [  30  301 1936  396    0    4    4    0    8    0   22    3]\n",
      " [   3  178  396 2825    0    2    7    0    2    0   49    1]\n",
      " [   0    0    0    0 1401    1    7    0   20   85    1    0]\n",
      " [   0    5    4    2    1 1701   42   30  313  264    7    1]\n",
      " [   0    0    4    7    7   42 1587   19    0    0    3    0]\n",
      " [   0    0    0    0    0   30   19 3476    0    0    0    0]\n",
      " [  16    0    8    2   20  313    0    0 7096   19  224  115]\n",
      " [   3    0    0    0   85  264    0    0   19 4137    2  161]\n",
      " [   0  101   22   49    1    7    3    0  224    2 5528  645]\n",
      " [   0    6    3    1    0    1    0    0  115  161  645 4981]]\n",
      "[[2.96440851e+00 4.64640833e-03 6.96961249e-02 6.96961249e-03\n",
      "  0.00000000e+00 0.00000000e+00 0.00000000e+00 0.00000000e+00\n",
      "  3.71712666e-02 6.96961249e-03 0.00000000e+00 0.00000000e+00]\n",
      " [4.64640833e-03 2.08159093e+00 6.99284453e-01 4.13530341e-01\n",
      "  0.00000000e+00 1.16160208e-02 0.00000000e+00 0.00000000e+00\n",
      "  0.00000000e+00 0.00000000e+00 2.34643620e-01 1.39392250e-02]\n",
      " [6.96961249e-02 6.99284453e-01 4.49772326e+00 9.19988849e-01\n",
      "  0.00000000e+00 9.29281665e-03 9.29281665e-03 0.00000000e+00\n",
      "  1.85856333e-02 0.00000000e+00 5.11104916e-02 6.96961249e-03]\n",
      " [6.96961249e-03 4.13530341e-01 9.19988849e-01 6.56305176e+00\n",
      "  0.00000000e+00 4.64640833e-03 1.62624291e-02 0.00000000e+00\n",
      "  4.64640833e-03 0.00000000e+00 1.13837004e-01 2.32320416e-03]\n",
      " [0.00000000e+00 0.00000000e+00 0.00000000e+00 0.00000000e+00\n",
      "  3.25480903e+00 2.32320416e-03 1.62624291e-02 0.00000000e+00\n",
      "  4.64640833e-02 1.97472354e-01 2.32320416e-03 0.00000000e+00]\n",
      " [0.00000000e+00 1.16160208e-02 9.29281665e-03 4.64640833e-03\n",
      "  2.32320416e-03 3.95177028e+00 9.75745749e-02 6.96961249e-02\n",
      "  7.27162903e-01 6.13325899e-01 1.62624291e-02 2.32320416e-03]\n",
      " [0.00000000e+00 0.00000000e+00 9.29281665e-03 1.62624291e-02\n",
      "  1.62624291e-02 9.75745749e-02 3.68692501e+00 4.41408791e-02\n",
      "  0.00000000e+00 0.00000000e+00 6.96961249e-03 0.00000000e+00]\n",
      " [0.00000000e+00 0.00000000e+00 0.00000000e+00 0.00000000e+00\n",
      "  0.00000000e+00 6.96961249e-02 4.41408791e-02 8.07545767e+00\n",
      "  0.00000000e+00 0.00000000e+00 0.00000000e+00 0.00000000e+00]\n",
      " [3.71712666e-02 0.00000000e+00 1.85856333e-02 4.64640833e-03\n",
      "  4.64640833e-02 7.27162903e-01 0.00000000e+00 0.00000000e+00\n",
      "  1.64854567e+01 4.41408791e-02 5.20397733e-01 2.67168479e-01]\n",
      " [6.96961249e-03 0.00000000e+00 0.00000000e+00 0.00000000e+00\n",
      "  1.97472354e-01 6.13325899e-01 0.00000000e+00 0.00000000e+00\n",
      "  4.41408791e-02 9.61109562e+00 4.64640833e-03 3.74035870e-01]\n",
      " [0.00000000e+00 2.34643620e-01 5.11104916e-02 1.13837004e-01\n",
      "  2.32320416e-03 1.62624291e-02 6.96961249e-03 0.00000000e+00\n",
      "  5.20397733e-01 4.64640833e-03 1.28426726e+01 1.49846669e+00]\n",
      " [0.00000000e+00 1.39392250e-02 6.96961249e-03 2.32320416e-03\n",
      "  0.00000000e+00 2.32320416e-03 0.00000000e+00 0.00000000e+00\n",
      "  2.67168479e-01 3.74035870e-01 1.49846669e+00 1.15718799e+01]]\n"
     ]
    }
   ],
   "source": [
    "# create a connectivity matrix from the seed-target streamline files\n",
    "matrix_sl = np.zeros((len(labels), len(labels)))\n",
    "for i, seed in enumerate(label_order):\n",
    "    seed_label = labels_atlas[seed-1]\n",
    "    print('seed: %s'%seed_label)\n",
    "    for j, target in enumerate(label_order):\n",
    "        target_label = labels_atlas[target-1]\n",
    "        print('     target: %s'%target_label)\n",
    "        try: \n",
    "            sl_file = os.path.join(sl_dir, 'target_streamlines_seed-%d_target-%d.trk'%(seed, target))\n",
    "            streamlines, hdr = streamline.load_trk(sl_file)\n",
    "            sl_count = hdr['nb_streamlines']\n",
    "            print('             %d'%sl_count)\n",
    "        except: sl_count = 0\n",
    "        matrix_sl[i,j] = sl_count\n",
    "matrix_sl = matrix_sl.astype(np.int) # convert to integers\n",
    "\n",
    "# normalize the matrix by the total number of streamlines\n",
    "norm_matrix_sl = matrix_sl/total_sl_count*100\n",
    "print(matrix_sl)\n",
    "print(norm_matrix_sl)\n",
    "\n",
    "# save matrix\n",
    "txt_filename = os.path.join(sl_dir, 'sl_conn_mat.txt')\n",
    "np.savetxt(txt_filename, matrix_sl)"
   ]
  },
  {
   "cell_type": "code",
   "execution_count": 17,
   "metadata": {
    "scrolled": true
   },
   "outputs": [
    {
     "data": {
      "text/plain": [
       "[[1, 1, 1],\n",
       " (1.0, 0.9607843137254902, 0.9411764705882353),\n",
       " (1.0, 0.9607843137254902, 0.9411764705882353),\n",
       " (1.0, 0.9607843137254902, 0.9411764705882353),\n",
       " (1.0, 0.9607843137254902, 0.9411764705882353),\n",
       " (1.0, 0.9607843137254902, 0.9411764705882353),\n",
       " (1.0, 0.9607843137254902, 0.9411764705882353),\n",
       " (1.0, 0.9607843137254902, 0.9411764705882353),\n",
       " (1.0, 0.9607843137254902, 0.9411764705882353),\n",
       " (1.0, 0.9607843137254902, 0.9411764705882353)]"
      ]
     },
     "execution_count": 17,
     "metadata": {},
     "output_type": "execute_result"
    }
   ],
   "source": [
    "# create a custom color palette so that 0 is white (not light red)\n",
    "new_cp = sns.color_palette(\"Reds\",n_colors=10000)\n",
    "new_cp[0] = [1,1,1]\n",
    "new_cp[0:10]"
   ]
  },
  {
   "cell_type": "code",
   "execution_count": 18,
   "metadata": {},
   "outputs": [
    {
     "data": {
      "text/plain": [
       "array([['2.96', '0.00', '0.06', '0.00', '0.0', '0.0', '0.0', '0.0',\n",
       "        '0.03', '0.00', '0.0', '0.0'],\n",
       "       ['0.00', '2.08', '0.69', '0.41', '0.0', '0.01', '0.0', '0.0',\n",
       "        '0.0', '0.0', '0.23', '0.01'],\n",
       "       ['0.06', '0.69', '4.49', '0.91', '0.0', '0.00', '0.00', '0.0',\n",
       "        '0.01', '0.0', '0.05', '0.00'],\n",
       "       ['0.00', '0.41', '0.91', '6.56', '0.0', '0.00', '0.01', '0.0',\n",
       "        '0.00', '0.0', '0.11', '0.00'],\n",
       "       ['0.0', '0.0', '0.0', '0.0', '3.25', '0.00', '0.01', '0.0',\n",
       "        '0.04', '0.19', '0.00', '0.0'],\n",
       "       ['0.0', '0.01', '0.00', '0.00', '0.00', '3.95', '0.09', '0.06',\n",
       "        '0.72', '0.61', '0.01', '0.00'],\n",
       "       ['0.0', '0.0', '0.00', '0.01', '0.01', '0.09', '3.68', '0.04',\n",
       "        '0.0', '0.0', '0.00', '0.0'],\n",
       "       ['0.0', '0.0', '0.0', '0.0', '0.0', '0.06', '0.04', '8.07', '0.0',\n",
       "        '0.0', '0.0', '0.0'],\n",
       "       ['0.03', '0.0', '0.01', '0.00', '0.04', '0.72', '0.0', '0.0',\n",
       "        '16.4', '0.04', '0.52', '0.26'],\n",
       "       ['0.00', '0.0', '0.0', '0.0', '0.19', '0.61', '0.0', '0.0',\n",
       "        '0.04', '9.61', '0.00', '0.37'],\n",
       "       ['0.0', '0.23', '0.05', '0.11', '0.00', '0.01', '0.00', '0.0',\n",
       "        '0.52', '0.00', '12.8', '1.49'],\n",
       "       ['0.0', '0.01', '0.00', '0.00', '0.0', '0.00', '0.0', '0.0',\n",
       "        '0.26', '0.37', '1.49', '11.5']], dtype='<U4')"
      ]
     },
     "execution_count": 18,
     "metadata": {},
     "output_type": "execute_result"
    }
   ],
   "source": [
    "# make plot labels\n",
    "norm_mat_str = []\n",
    "for rx, row in enumerate(norm_matrix_sl):\n",
    "    norm_mat_str_row = [str(i) for i in row]\n",
    "    str_row = [j[:4] for j in norm_mat_str_row]\n",
    "    norm_mat_str.append(str_row)\n",
    "norm_mat_str_arr = np.array(norm_mat_str)\n",
    "norm_mat_str_arr"
   ]
  },
  {
   "cell_type": "code",
   "execution_count": 19,
   "metadata": {},
   "outputs": [
    {
     "name": "stdout",
     "output_type": "stream",
     "text": [
      "/om2/user/ksitek/exvivo/analysis/dipy/csd/alow-0p001_angthr-75_minangle-10_fathresh-50_20190517_0.2mm_conj_kevin_v2_faruk_v1_with_controls_dil-500um/target_streamlines/streamline_norm_heatplot.png\n"
     ]
    },
    {
     "data": {
      "text/plain": [
       "<Figure size 432x288 with 0 Axes>"
      ]
     },
     "metadata": {},
     "output_type": "display_data"
    },
    {
     "data": {
